000000000000000001
000000000000000001
000000000000000001
000000000000000001
000000000000000001
000000000000000001
000000000000000001
000000000000000001
000000000000000001
000000000000000001
000000000000000001
000000000000000001
000000000000000001
000000000000000001
000000000000000001
000000000000000001
000000000000000001
000000000000000001
000000000000000001
000000000000000001
000000000000010111
000000000000001011
000000000000010111
000000000000001011
000000000000000001
000000000000000001
000000000000000001
000000000000000001
000000000000000001
000000000000010111
000000000000011001
000000000000011101
000000000000011001
000000000000011101
000000000000011001
000000000000011101
000000000000011001
000000000000000000
000000000000000001
000000000000000001
000000000000000001
000000000000000001
000000000000101001
000000000000011010
000000000000010101
000000000000001001
000000000000001001
000000000000000000
000000000000000001
000000000000000001
000000000000000001
000000000000000001
000000000000000001
000000000000000001
000000000000000001
000000000000000111
000000000000010010
000000000000100001
000000000000000000
000000000000000010
000000000000000000
000000000000000001
000000000000000001
000000000000000001
000000000000000001
000000000000000001
000000000000000001
000000000000000001
000000000000000001
000000000000010000
000000000000010101
000000000000000110
000000000000000001
000000000000000001
000000000000000001
000000000000000001
000000000000000001
000000000000000001
000000000000000001
000000000000000001
000000000000000001
000000000000000001
000000000000000001
000000000000000111
000000000000011101
000000000000010100
000000000000001011
000000000000000001
000000000000000001
000000000000000001
000000000000000001
000000000000000001
000000000000000001
000000000000000001
000000000000000001
000000000000000001
000000000000000001
000000000000000111
000000000000001001
000000000000011001
000000000000000000
000000000000000001
000000000000000001
000000000000000001
000000000000000001
000000000000000001
000000000000000001
000000000000000001
000000000000000001
000000000000001011
000000000000011001
000000000000011101
000000000000010101
000000000000000000
000000000000000001
000000000000000001
000000000000000001
000000000000000001
000000000000000001
000000000000000001
000000000000000001
000000000000100101
000000000000011101
000000000000011101
000000000000010001
000000000000000000
000000000000000000
000000000000000001
000000000000000001
000000000000000001
000000000000000001
000000000000001011
000000000000011001
000000000000011101
000000000000011110
000000000000010001
000000000000000000
000000000000000000
000000000000000001
000000000000000001
000000000000000001
000000000000000001
000000000000000001
000000000000000001
000000000000100101
000000000000011101
000000000000010001
000000000000001001
000000000000000000
000000000000000001
000000000000000001
000000000000000001
000000000000000001
000000000000000001
000000000000000001
000000000000000001
000000000000000001
000000000000000010
000000000000000001
000000000000000001
000000000000000001
000000000000000001
000000000000000001
000000000000000001
000000000000000001
000000000000000001
000000000000000001
000000000000000001
000000000000000001
