000000000001010011
000000000001010011
000000000001010011
000000000001010011
000000000001010011
000000000001010011
000000000001010011
000000000001010011
000000000001010011
000000000001010011
000000000001010011
000000000001010011
000000000001010011
000000000001010011
000000000001010011
000000000001010011
000000000001010011
000000000001010011
000000000001010011
000000000001010011
000000000001010011
000000000001010011
000000000001010011
000000000001010011
000000000001010011
000000000001010011
000000000001010011
000000000001010011
000000000001010011
000000000001010011
000000000001010011
000000000001000010
000000000000110011
000000000000101010
000000000000100101
000000000000101101
000000000000100110
000000000001000110
000000000001010011
000000000001010011
000000000001010011
000000000001010011
000000000001000010
000000000000011100
000000000000001101
000000000000001110
000000000000011101
000000000000100111
000000000001010011
000000000001010011
000000000001010011
000000000001010011
000000000001010011
000000000001010011
000000000001010011
000000000001010011
000000000001001100
000000000000101001
000000000000110100
000000000001010011
000000000001001100
000000000001010011
000000000001010011
000000000001010011
000000000001010011
000000000001010011
000000000001010011
000000000001010011
000000000001010011
000000000001010011
000000000000111011
000000000000110111
000000000001010011
000000000001010011
000000000001010011
000000000001010011
000000000001010011
000000000001010011
000000000001010011
000000000001010011
000000000001010011
000000000001010011
000000000001010011
000000000001010011
000000000000111011
000000000000100110
000000000001000100
000000000001010011
000000000001010011
000000000001010011
000000000001010011
000000000001010011
000000000001010011
000000000001010011
000000000001010011
000000000001010011
000000000001010011
000000000001010011
000000000001000100
000000000000011001
000000000001000100
000000000001010011
000000000001010011
000000000001010011
000000000001010011
000000000001010011
000000000001010011
000000000001010011
000000000001010011
000000000001010011
000000000001010011
000000000001000010
000000000000011010
000000000000100111
000000000001010011
000000000001010011
000000000001010011
000000000001010011
000000000001010011
000000000001010011
000000000001010011
000000000001010011
000000000001000010
000000000000101001
000000000000001110
000000000000100111
000000000001000011
000000000001010011
000000000001010011
000000000001010011
000000000001010011
000000000001010011
000000000001010011
000000000001000010
000000000000101010
000000000000001101
000000000000100111
000000000001000011
000000000001010011
000000000001010011
000000000001010011
000000000001010011
000000000001010011
000000000001010011
000000000001001011
000000000000101101
000000000000011101
000000000000100110
000000000000111100
000000000001010011
000000000001010011
000000000001010011
000000000001010011
000000000001010011
000000000001010011
000000000001010011
000000000001010011
000000000001010011
000000000001010011
000000000001010011
000000000001010011
000000000001010011
000000000001010011
000000000001010011
000000000001010011
000000000001010011
000000000001010011
000000000001010011
000000000001010011
