000000000001111011
000000000001111011
000000000001111011
000000000000110111
000000000000011101
000000000100101011
000000000100011011
000000001001000101
000000000101111011
000000000110101111
000000000100110101
000000000001111011
000000000100101001
000000000100100001
000000001001110110
000000001101010100
000000010000100001
000000010011110100
000000010100011110
000000010011100010
000000001010001110
000000000011010011
000000000001111011
000000001010011110
000000010001111000
000000010111010111
000000010101010010
000000010001111110
000000001010100001
000000000011110111
000000000010011100
000000000000111100
000000000000000000
000000000001111011
000000000101001011
000000010001110000
000000010010100000
000000001000100011
000000000000111001
000000000000000000
000000000000000000
000000000000000000
000000000001111011
000000000001111011
000000000001111011
000000000010000001
000000000110100011
000000001111100011
000000001101011010
000000000000000000
000000000000000000
000000000011001101
000000000001011111
000000000001111011
000000000001111011
000000000001111011
000000000001111011
000000000010001010
000000001000010101
000000001110011010
000000001000000111
000000000011100011
000000000100100100
000000000100100110
000000000010011001
000000000001111011
000000000001111011
000000000001111011
000000000001111011
000000000010000001
000000000110110001
000000001100001111
000000001001100110
000000000010110010
000000000100000100
000000000010011111
000000000001111011
000000000001111011
000000000001111011
000000000001111011
000000000010100101
000000000100101011
000000001010110110
000000010110010001
000000001110100011
000000000000000000
000000000000000000
000000000001111011
000000000001111011
000000000000110111
000000000110000101
000000000111111010
000000010011011110
000000011001011101
000000010110111111
000000000111000100
000000000000000000
000000000000000000
000000000001111011
000000000100100011
000000001000101110
000000001111111010
000000011010100101
000000010110100010
000000001100010010
000000000000000000
000000000000000000
000000000000000000
000000000000000000
000000000001111011
000000001110100101
000000010110110101
000000010100110111
000000001101110100
000000000000001110
000000000000000000
000000000000000000
000000000000000000
000000000001111011
000000000001111011
000000000001111011
