000000010101001101
000000001111000001
000000001011000001
000000000111001011
000000000111011101
000000000101100110
000000000110011101
000000000101111100
000000000111000111
000000001111101011
000000010100110110
000000010101001101
000000001000001111
000000000100010101
000000000010111110
000000001001000101
000000001011001110
000000001100100000
000000001010111010
000000001011010000
000000001011110100
000000010000010001
000000010101001101
000000010000101101
000000000111111100
000000000000000000
000000000000000000
000000000010110110
000000000110011101
000000001000110000
000000001010101001
000000001101100001
000000001101101010
000000010101001101
000000010110101101
000000001110100110
000000000000000000
000000000000000000
000000000100000101
000000001001010000
000000001110010010
000000001111111101
000000010101001101
000000010101001101
000000010101001101
000000010101100101
000000010100111000
000000001111010100
000000000100010010
000000000000000000
000000000111101111
000000010011100100
000000010100001010
000000010101001101
000000010101001101
000000010101001101
000000010101001101
000000010110001001
000000010101001111
000000001101001010
000000000101111110
000000000010011101
000000001100110011
000000010100010010
000000010110000001
000000010101001101
000000010101001101
000000010101001101
000000010101001101
000000010010110001
000000001101011011
000000000101100101
000000000000000000
000000000011011000
000000001110001100
000000010110001101
000000010101001101
000000010101001101
000000010101001101
000000001011000101
000000000110111011
000000000010101111
000000000100111110
000000001001000101
000000001100101111
000000001000110100
000000010001000110
000000010101001101
000000001100111001
000000001000011111
000000000011001111
000000000100011110
000000001011101101
000000001100111010
000000001011000001
000000001000000110
000000001000111011
000000001111010000
000000010101001101
000000000101000011
000000000011101001
000000001001111000
000000001011101111
000000001001110010
000000001000101000
000000001000010000
000000001010000110
000000010000100000
000000010011100100
000000010101001101
000000001110111011
000000001100100110
000000001001110001
000000000111011111
000000000111111101
000000001001011100
000000010000100000
000000010011100100
000000010101001101
000000010101001101
000000010101001101
