000000000000000000
000000000001111001
000000000100101011
000000001001010101
000000001100110010
000000010010011111
000000010101000000
000000010111101111
000000010110110111
000000001101000000
000000000100111101
000000000000000000
000000001000111101
000000010010100100
000000011000111101
000000011000110100
000000010000110110
000000001011100111
000000000001010000
000000000000000000
000000000000000000
000000000000000000
000000000000000000
000000000000000000
000000000000000000
000000000011101011
000000000000000000
000000000000000000
000000000000000000
000000000000000000
000000000000000000
000000000000000000
000000000000000000
000000000000000000
000000000000000000
000000000000000000
000000000000000000
000000000000000000
000000000000000000
000000000000000000
000000000000000000
000000000000000000
000000000000000000
000000000000000000
000000000000000000
000000000000000000
000000000000000000
000000000000000000
000000000001001011
000000001100111010
000000001001100100
000000000100101001
000000000000000000
000000000000000000
000000000000000000
000000000000000000
000000000000000000
000000000000000000
000000000000000000
000000000000000000
000000000000000000
000000001111011101
000000001000100111
000000000101011001
000000000000000000
000000000000000000
000000000000000000
000000000000000000
000000000000000000
000000000000000000
000000000000000000
000000000000000000
000000000100100111
000000001101010001
000000000110100110
000000000000110100
000000000000000000
000000000000000000
000000000000000000
000000000100100001
000000001010000101
000000001111111110
000000010011000011
000000000100110111
000000000011001001
000000000001111000
000000000000000000
000000000000000000
000000000011010111
000000001000110001
000000010000110100
000000010011011011
000000001100111010
000000000000000000
000000000000000000
000000000000000000
000000000000000000
000000000000000000
000000000000000000
000000001110111101
000000010010100011
000000001010010010
000000000000000000
000000000000000000
000000000000000000
000000000000000000
000000000000000000
000000000000000000
000000000000000000
000000000000000000
000000000000000000
000000000000000000
000000000000000000
000000000000000000
000000000000000000
000000000000000000
000000000000000000
000000000000000000
000000000000000000
000000000000000000
000000000000000000
