000000000100101001
000000010101001101
000000001000111101
000000000000000000
000000001001110110
000000001011000001
000000011000111101
000000000000000000
000000010000100001
000000001011001110
000000011000110100
000000000000000000
000000010100011110
000000001100100000
000000010111101111
000000000000000000
000000010011100010
000000001111101011
000000010110110111
000000000110100011
000000001010011110
000000010110101101
000000000000000000
000000000000000000
000000010111010111
000000001110100110
000000000011101011
000000000000000000
000000010101010010
000000000100000101
000000000000000000
000000001101010110
000000001010100001
000000001110010010
000000000000000000
000000000001011111
000000000010011100
000000010101001101
000000000000000000
000000000000000000
000000000010000001
000000010101100101
000000000000000000
000000000000000000
000000001111100011
000000010110001001
000000000000000000
000000000000000000
000000001110011010
000000001101001010
000000001100111010
000000000000000000
000000000100100100
000000010011100100
000000001111011101
000000000001111100
000000000100100110
000000010110000001
000000000101011001
000000000000000000
000000000001111011
000000010101001101
000000000000000000
000000000000000000
000000000010100101
000000010101001101
000000001010000101
000000000000000000
000000001100001111
000000001101011011
000000010011000011
000000000000000000
000000010110010001
000000001100101111
000000001101010001
000000001101011110
000000000100000100
000000010110001101
000000000110100110
000000000001110110
000000001000101110
000000001100111001
000000010010100011
000000000000000000
000000011010100101
000000001011101111
000000010011011011
000000000110110101
000000011001011101
000000001100111010
000000001100111010
000000001001010111
000000010110111111
000000001011000001
000000000000000000
000000000110100100
000000000000000000
000000010011100100
000000000000000000
000000000000000000
