000001110000111100
000000000000000000
000000000000000000
000111010101000110
001010111110110011
000000000000000000
001110000110011100
001010110100011011
000001100110110100
000000000000000000
000100111011000000
000000000000000000
000000000000000000
000101101100101001
000001100101111000
000010110001011010
000010000011100111
000000000000000000
000010111111111101
000001011111110111
000000000000000000
000011011101110100
001001111011101100
001111000010111010
000101110001111000
000000000000000000
000000000000000000
000111110110001111
000000000000000000
000000000000000000
000011100100001111
001001101110111111
000000000000000000
000000000000000000
000101111000101110
000000011011001001
000000000000000000
000000000000000000
000000000000000000
001010000111101011
001001001111011011
000000000000000000
000110111001001010
000000101001110011
000101010000011111
000100100011101000
000000110011011011
000000000000000000
000100101111010000
000000000000000000
000000000000000000
000011000011101111
000010100000100110
001001111000101101
001001001100001011
000000000000000000
000000000000000000
000000000000000000
000000000000000000
000101010011101010
000000000000000000
000000000000000000
000000000000000000
000101100101010001
