48
54
80
132
137
148
172
178
180
182
212
240
262
278
284
316
340
370
376
396
404
414
444
494
500
502
514
528
558
635
661
720
740
788
854
876
902
916
966
1019
1032
1043
1053
1075
1079
1088
1120
1127
1134
1160
1165
1201
1213
1222
1244
1270
1276
1282
1294
1324
1341
1352
1376
1400
1401
1402
1404
1554
1598
1604
1674
1752
1758
1812
1814
1854
1870
1940
1948
1968
2014
2034
2050
2064
2172
2194
2209
2220
2302
2368
2444
2450
2488
2502
2571
2577
2580
2593
2628
2636
2676
2682
2720
2758
2803
2833
2845
2901
2928
2958
2960
2980
2991
3002
3010
3027
3030
3060
3062
3065
3082
3094
3118
3216
3218
3252
3273
3289
3432
3438
3484
3510
3512
3555
3638
3662
3682
3692
3696
3756
3762
3798
3814
3816
3827
3907
3921
4006
4050
4153
4158
4201
4253
4258
4362
4438
4476
4578
4600
4636
4638
4646
4665
4666
4752
4784
4802
4834
4848
4860
4908
4955
4968
5000
5002
5042
5103
5112
5126
5129
5174
5216
5259
5308
5332
5338
5348
5360
5370
5372
5390
5422
5440
5482
5536
5538
5550
5562
5670
5678
5706
5735
5757
5771
5774
5790
5800
5821
5828
5868
5896
5912
5939
5968
5972
6014
6066
6130
6162
6221
6250
6269
6290
6297
6304
6305
6315
6347
6354
6387
6399
6416
6418
6428
6448
6466
6636
6658
6668
6675
6695
6707
6713
6755
6792
6816
6839
6848
6885
6905
6927
6962
6976
7006
7010
7036
7080
7136
7146
7154
7184
7215
7233
7256
7264
7270
7283
7301
7308
7374
7450
7498
7528
7530
7584
7596
7606
7620
7638
7644
7704
7732
7763
7814
7833
7842
7851
7898
7920
7962
7994
7995
8009
8093
8120
8122
8190
8200
8202
8207
8226
8234
8254
8268
8297
8298
8303
8324
8384
8428
8432
8443
8458
8480
8499
8521
8637
8645
8647
8654
8670
8690
8709
8712
8714
8719
8729
8732
8744
8785
8821
8853
8854
8865
8918
8920
8966
9028
9036
9104
9119
9137
9154
9164
9193
9216
9219
9220
9235
9241
9258
9266
9290
9384
9390
9433
9442
9448
9450
9472
9534
9542
9567
9568
9605
9641
9694
9758
9774
9782
9792
9814
9900
9924
9948
9952
9956
10021
10038
10041
10064
10066
10116
10142
10146
10166
10187
10197
10225
10241
10251
10256
10287
10288
10297
10315
10358
10370
10382
10434
10444
10644
10701
10710
10716
10726
10736
10744
10752
10779
10800
10866
10884
10894
10963
10981
10992
10994
11039
11074
11126
11166
11192
11199
11210
11234
11242
11351
11364
11393
11398
11438
11494
11536
11565
11569
11570
11572
11583
11598
11600
11613
11616
11643
11647
11702
11705
11708
11711
11734
11737
11747
11749
11759
11767
11775
11777
11781
11789
11827
11829
11853
11858
11863
11864
11877
11880
11885
11937
11940
11949
11950
11992
12000
12018
12153
12162
12183
12254
12372
12442
12494
12513
12522
12548
12551
12559
12572
12588
12594
12651
12655
12663
12675
12679
12692
12702
12716
12792
12794
12886
12898
12900
12904
12936
12950
12960
12985
13002
13004
13014
13018
13021
13031
13053
13077
13081
13103
13131
13185
13258
13376
13388
13394
13410
13422
13452
13508
13655
13662
13677
13680
13691
13703
13713
13716
13753
13760
13876
13888
13920
13969
13982
14014
14033
14042
14078
14100
14128
14144
14145
14201
14210
14218
14222
14238
14248
14254
14279
14281
14301
14337
14341
14367
14374
14385
14398
14480
14500
14540
14582
14586
14650
14655
14690
14706
14714
14740
14760
14762
14779
14790
14796
14828
14854
14881
14894
14901
14950
14955
15010
15054
15056
15106
15141
15206
15258
15276
15324
15352
15378
15381
15386
15402
15424
15468
15490
15532
15610
15645
15660
15666
15728
15737
15738
15766
15781
15820
15836
15842
15874
15880
15887
15893
15913
15942
15975
15987
16011
16019
16027
16066
16092
16100
16116
16127
16248
16270
16301
16398
16446
16467
16572
16658
16676
16678
16688
16716
16730
16750
16755
16790
16795
16799
16826
16833
16836
16856
16860
16865
16882
16937
16941
16977
16981
16986
17039
17055
17091
17112
17178
17182
17188
17190
17220
17222
17244
17401
17406
17417
17440
17478
17507
17591
17594
17663
17697
17698
17714
17739
17758
17772
17792
17795
17817
17819
17859
17889
17916
17918
17924
18000
18003
18010
18018
18031
18096
18118
18122
18130
18166
18172
18190
18234
18288
18348
18366
18378
18382
18396
18398
18408
18416
18423
18440
18487
18514
18598
18654
18689
18704
18720
18810
18844
18884
18962
19005
19062
19064
19089
19106
19124
19137
19159
19170
19244
19252
19328
19360
19369
19428
19430
19494
19502
19558
19566
19590
19610
19676
19702
19752
19758
19820
19866
19868
19886
19888
19906
19988
19998
20039
20048
20050
20068
20120
20169
20171
20183
20186
20204
20226
20248
20280
20304
20328
20350
20398
20572
20600
20614
20630
20641
20672
20676
20709
20720
20735
20756
20773
20784
20820
20823
20854
20905
20918
20924
20976
21034
21040
21046
21048
21066
21130
21134
21148
21150
21164
21174
21204
21302
21304
21339
21348
21351
21361
21369
21382
21390
21416
21430
21436
21445
21495
21532
21548
21556
21576
21589
21601
21642
21686
21712
21868
21896
21906
21952
21956
21982
22050
22053
22054
22071
22081
22083
22123
22130
22139
22149
22177
22188
22193
22200
22204
22272
22283
22284
22302
22320
22438
22470
22481
22491
22497
22505
22530
22595
22597
22607
22668
22725
22732
22755
22824
22924
22951
22994
23039
23078
23086
23089
23184
23206
23350
23384
23385
23400
23406
23426
23452
23458
23486
23522
23578
23588
23594
23629
23674
23710
23716
23730
23782
23808
23824
23832
23868
23874
23911
23912
23956
23962
24004
24056
24059
24062
24164
24180
24221
24223
24250
24263
24278
24360
24370
24426
24462
24490
24494
24497
24504
24512
24516
24533
24587
24589
24598
24630
24646
24756
24760
24767
24794
24798
24803
24826
24849
24864
24899
24968
24979
24981
24984
25014
25015
25094
25156
25176
25186
25220
25232
25256
25262
25300
25308
25334
25359
25442
25455
25457
25470
25477
25478
25482
25486
25498
25546
25562
25577
25608
25624
25648
25678
25783
25790
25799
25800
25819
25824
25879
25938
25947
26017
26023
26078
26079
26090
26134
26150
26206
26244
26266
26294
26368
26398
26405
26432
26455
26458
26471
26504
26538
26544
26557
26560
26572
26574
26616
26624
26626
26629
26636
26640
26660
26738
26748
26760
26778
26850
26852
26882
26918
26926
26972
27024
27029
27051
27065
27085
27122
27155
27157
27168
27176
27222
27224
27225
27248
27254
27291
27293
27468
27502
27522
27545
27562
27576
27598
27602
27706
27729
27770
27777
27780
27791
27846
27877
27884
27889
27908
27966
27968
27994
28014
28058
28068
28136
28149
28162
28178
28182
28231
28352
28357
28368
28392
28395
28422
28463
28480
28504
28506
28574
28620
28632
28642
28648
28652
28654
28658
28664
28688
28710
28719
28749
28770
28781
28785
28788
28892
28952
28954
28968
28984
29002
29016
29029
29109
29132
29172
29256
29264
29286
29303
29307
29308
29358
29360
29372
29410
29422
29462
29476
29508
29570
29588
29633
29672
29694
29700
29711
29730
29744
29751
29765
29786
29804
29827
29830
29831
29834
29868
29875
29889
29906
29920
29960
29967
29991
29996
30041
30042
30049
30062
30085
30095
30116
30130
30144
30184
30188
30197
30371
30374
30396
30416
30418
30452
30453
30546
30551
30584
30604
30642
30659
30688
30692
30720
30764
30770
30775
30792
30876
30884
30885
30900
30903
30922
30952
30968
30972
30980
30991
31000
31011
31031
31046
31064
31100
31197
31242
31252
31274
31275
31284
31313
31327
31347
31428
31443
31456
31474
31517
31523
31545
31554
31596
31608
31609
31644
31656
31675
31690
31710
31712
31727
31738
31742
31760
31768
31850
31856
31866
31934
31962
32002
32012
32018
32040
32047
32108
32168
32244
32253
32256
32323
32344
32346
32372
32409
32419
32445
32475
32497
32499
32519
32571
32573
32646
32662
32702
32717
32735
32747
32776
32814
32822
32829
32831
32858
32864
32878
32880
32884
32906
33009
33062
33138
33289
33306
33338
33352
33388
33391
33404
33422
33443
33506
33598
33626
33780
33789
34010
34040
34041
34048
34050
34090
34304
34306
34404
34406
34414
34448
34532
34565
34583
34594
34626
34663
34665
34669
34706
34739
34750
34785
34802
34804
34824
34839
34860
34861
34870
34872
34912
34930
34986
35032
35051
35062
35068
35136
35160
35224
35234
35265
35287
35310
35340
35382
35401
35406
35464
35480
35523
35604
35616
35636
35754
35766
35804
35851
35882
35916
35941
35976
35989
36024
36046
36065
36066
36075
36104
36118
36160
36172
36174
36214
36224
36256
36268
36299
36370
36417
36421
36434
36446
36452
36473
36508
36548
36576
36744
36760
36774
36834
36852
36878
36934
36954
36984
37026
37038
37060
37062
37118
37147
37160
37161
37198
37249
37276
37281
37316
37341
37344
37373
37396
37417
37427
37469
37648
37652
37668
37672
37680
37704
37734
37737
37750
37758
37778
37810
37834
37842
37870
37877
37962
37974
38052
38136
38158
38182
38250
38256
38298
38322
38351
38370
38374
38382
38389
38397
38408
38447
38488
38510
38512
38513
38526
38553
38567
38577
38601
38605
38656
38658
38726
38760
38772
38778
38791
38798
38817
38842
38920
38922
38932
39031
39047
39068
39114
39184
39260
39284
39294
39311
39327
39342
39378
39404
39405
39423
39424
39425
39429
39473
39526
39561
39604
39631
39656
39683
39753
39806
39832
39835
39848
39863
39902
39925
39942
39952
39962
39963
39972
39994
40021
40022
40034
40144
40159
40208
40240
40268
40280
40288
40298
40308
40378
40386
40466
40498
40524
40530
40536
40674
40704
40708
40750
40752
40766
40829
40852
40874
40882
40886
40955
40981
41016
41062
41072
41084
41094
41110
41124
41147
41151
41196
41205
41215
41218
41276
41284
41292
41295
41302
41334
41396
41426
41464
41499
41500
41509
41538
41540
41568
41578
41618
41622
41718
41772
41798
41843
41882
41904
41933
41950
41955
42003
42029
42042
42046
42078
42096
42104
42108
42112
42161
42199
42206
42274
42312
42314
42334
42364
42415
42428
42438
42495
42504
42526
42532
42554
42566
42574
42682
42705
42734
42782
42826
42828
42854
42866
42892
42941
42953
42961
42973
42979
42987
42995
43012
43069
43091
43097
43098
43109
43111
43174
43176
43206
43207
43212
43220
43238
43248
43268
43328
43378
43454
43501
43510
43534
43537
43562
43574
43626
43648
43658
43670
43686
43783
43793
43811
43823
43874
43950
43986
44106
44149
44196
44202
44206
44253
44262
44298
44307
44328
44341
44378
44383
44404
44442
44456
44484
44508
44534
44552
44726
44753
44767
44778
44806
44848
44852
44854
44865
44969
45003
45012
45048
45069
45091
45099
45116
45143
45168
45180
45185
45226
45238
45250
45266
45292
45399
45427
45428
45432
45439
45443
45454
45458
45501
45502
45520
45555
45590
45616
45647
45653
45673
45749
45761
45777
45784
45801
45868
45888
45894
45901
45911
45917
45918
45919
45930
45933
45938
45944
45968
45988
46021
46033
46066
46073
46078
46122
46132
46154
46246
46247
46248
46269
46285
46288
46298
46300
46316
46320
46324
46354
46373
46384
46404
46419
46432
46435
46450
46466
46612
46698
46720
46726
46734
46768
46776
46906
46938
46941
46958
46960
46976
47008
47012
47016
47034
47036
47040
47076
47093
47094
47152
47183
47211
47217
47257
47264
47297
47309
47317
47319
47340
47376
47385
47428
47471
47475
47478
47479
47484
47505
47515
47558
47595
47597
47600
47613
47689
47698
47718
47741
47762
47804
47844
47845
47888
47918
47926
47936
47940
47946
47949
47951
47955
47962
47979
47996
48038
48077
48095
48102
48110
48115
48158
48194
48230
48272
48288
48344
48358
48397
48512
48524
48527
48556
48651
48662
48687
48726
48800
48824
48880
48912
48930
48933
48952
48957
48966
48975
49012
49014
49041
49050
49064
49067
49070
49139
49157
49163
49164
49188
49212
49217
49242
49276
49282
49333
49416
49460
49464
49466
49476
49479
49487
49506
49509
49515
49517
49525
49543
49563
49573
49616
49634
49640
49662
49672
49690
49692
49744
49760
49825
49844
49859
49890
49892
49893
49895
49904
49908
49923
50005
50046
50078
50086
50133
50149
50154
50178
50180
50202
50212
50228
50239
50246
50318
50322
50329
50340
50342
50359
50369
50371
50391
50398
50414
50421
50428
50429
50431
50433
50462
50500
50514
50607
50632
50648
50650
50698
50712
50718
50779
50786
50841
50897
51004
51058
51125
51158
51172
51200
51230
51234
51239
51248
51258
51263
51278
51280
51298
51300
51315
51320
51325
51337
51356
51367
51371
51433
51444
51470
51487
51516
51572
51600
51652
51698
51722
51736
51764
51794
51856
51863
51944
51988
51990
52022
52048
52060
52089
52117
52129
52137
52138
52210
52218
52225
52232
52279
52280
52292
52326
52347
52358
52399
52422
52564
52646
52671
52674
52694
52699
52707
52717
52718
52744
52769
52800
52808
52857
52873
52910
52914
52932
52938
52947
52952
52953
52968
52981
53015
53028
53036
53063
53092
53182
53196
53216
53316
53482
53522
53552
53567
53568
53668
53686
53694
53700
53731
53736
53806
53872
53906
53907
53910
53920
53976
53978
53996
53997
53999
54011
54024
54030
54035
54036
54056
54097
54122
54180
54184
54190
54194
54195
54230
54264
54282
54296
54306
54314
54327
54366
54378
54452
54458
54482
54492
54520
54528
54554
54574
54586
54654
54666
54778
54814
54834
54858
54878
54885
54887
54896
54917
54926
54936
54949
54960
54966
54986
55005
55011
55052
55060
55078
55128
55153
55188
55218
55240
55322
55340
55368
55392
55396
55480
55496
55513
55598
55604
55606
55677
55696
55729
55739
55764
55772
55792
55804
55834
55886
55896
55918
55958
55974
56054
56066
56118
56134
56145
56180
56220
56224
56266
56268
56292
56317
56346
56380
56413
56443
56452
56464
56480
56586
56590
56672
56774
56780
56800
56802
56838
56891
56900
56913
56914
56978
56992
57021
57070
57076
57088
57124
57177
57211
57215
57216
57235
57256
57262
57269
57276
57302
57327
57342
57380
57404
57486
57523
57617
57662
57667
57702
57709
57718
57731
57732
57741
57744
57764
57768
57793
57794
57882
57942
57982
58006
58101
58105
58138
58258
58384
58464
58648
58661
58734
58753
58802
58832
59087
59294
59303
59309
59312
59321
59368
59399
59447
59563
59576
59653
59661
59701
59719
59720
59726
59731
59747
59830
59909
59915
59931
59941
60018
60033
60062
60092
60149
60175
60211
60247
60266
60290
60320
60321
60326
60340
60341
60359
60376
60391
60406
60444
60445
60447
60448
60449
60478
60495
60542
60543
60551
60578
60582
60591
60610
60628
60635
60646
60659
60667
60674
60684
60691
60717
60720
60726
60771
60774
60800
60829
60839
60844
60882
60947
60956
60958
60962
60965
61003
61012
61014
61033
61039
61044
61078
61112
61119
61178
61181
61200
61219
61226
61247
61248
61260
61274
61290
61299
61319
61320
61326
61337
61364
61378
61393
61447
61464
61466
61472
61476
61500
61520
61525
61527
61530
61549
61553
61554
61559
61571
61609
61614
61640
61669
61670
61678
61681
61686
61709
61716
61717
61721
61737
61754
61782
61790
61850
61878
61901
61941
61952
61955
61969
61984
62004
62016
62035
62070
62073
62098
62107
62109
62130
62135
62179
62182
62189
62224
62266
62271
62272
62291
62293
62298
62369
62380
62381
62387
62395
62412
62422
62454
62462
62470
62488
62521
62523
62526
62532
62533
62542
62559
62582
62589
62597
62598
62604
62607
62624
62628
62631
62648
62654
62665
62730
62735
62749
62769
62770
62771
62810
62852
62896
62911
62930
62938
62972
62979
62995
62998
63005
63030
63042
63055
63060
63062
63073
63100
63102
63114
63117
63130
63154
63172
63206
63225
63245
63250
63260
63288
63319
63333
63369
63384
63405
63503
63520
63534
63549
63550
63558
63559
63564
63565
63567
63601
63626
63629
63681
63688
63702
63716
63725
63726
63739
63751
63756
63767
63778
63780
63782
63808
63811
63817
63838
63869
63893
63902
63926
63941
63951
63976
63985
64011
64052
64065
64075
64078
64102
64117
64145
64152
64163
64165
64176
64194
64207
64238
64248
64256
64259
64265
64271
64289
64300
64306
64350
64355
64382
64384
64399
64433
64437
64497
64498
64500
64548
64567
64575
64578
64639
64671
64690
64699
64724
64740
64751
64761
64763
64783
64807
64814
64816
64874
64879
64943
64956
64966
64971
64978
64997
65265
65298
65311
65493
65522
65578
65586
65620
65622
65634
65644
65710
65734
65735
65749
65769
65833
65845
65888
65891
65921
65926
65936
65937
65955
65972
65973
65981
65982
65985
65997
66024
66035
66041
66043
66057
66059
66157
66166
66243
66391
66393
66480
66505
66555
66558
66560
66571
66576
66597
66599
66603
66605
66617
66632
66651
66662
66706
66728
66769
66897
66906
66919
67035
67249
67420
67432
67434
67498
67514
67524
67539
67541
67569
67574
67603
67679
67698
67732
67781
67800
67842
67886
68062
68091
68094
68095
68217
68236
68246
68275
68277
68326
68408
68519
68527
68816
68882
69008
69009
69015
69036
69045
69062
69139
69280
69422
69535
69587
69634
69642
69679
69692
69698
69700
69726
69729
69735
69738
69744
69745
69762
69764
69770
69779
69786
69792
69839
69856
69862
69863
69867
69883
69888
69904
69941
69970
69975
69982
